1556 921
1598 700
1598 700
1598 700
1598 700
1598 700
1598 700
1598 700
1598 700
1598 700
1598 700
1598 700
1598 700
1598 700
1598 700
1598 700
1598 700
1598 700
1598 700
1598 700
1598 700
1598 700
1598 700
1598 700
1598 700
1598 700
1598 700
1598 700
1598 700
1598 700
1598 700
1598 700
1598 700
1598 700
1598 700
1598 700
1598 700
1598 700
1598 700
1598 700
1598 700
1598 700
1598 700
1598 700
1598 700
1598 700
1598 700
1598 700
1598 700
1598 700
1598 700
1598 700
1598 700
1598 700
1598 700
1598 700
1598 700
1598 700
1598 700
1598 700
1598 700
1598 700
1598 700
1598 700
1598 700
1598 700
1598 700
1598 700
1598 700
1598 700
1598 700
1598 700
1598 700
1598 700
1598 700
1598 700
1598 700
1598 700
1598 700
1598 700
1598 700
1598 700
1598 700
1598 700
1598 700
1598 700
1598 700
1598 700
1598 700
1598 700
1598 700
1598 700
1598 700
1598 700
1598 700
1598 700
1598 700
1598 700
1598 700
1598 700
1598 700
1598 700
1598 700
1598 700
1598 700
1598 700
1598 700
1598 700
1598 700
1598 700
1598 700
1598 700
1598 700
1598 700
1598 700
1598 700
1598 700
1598 700
1598 700
1598 700
1598 700
1598 700
1598 700
1596 704
1596 704
1596 704
1596 704
1596 706
1596 706
1596 706
1594 707
1594 707
1594 707
1594 707
1594 709
1594 709
1594 709
1593 709
1593 709
1593 709
1593 709
1592 711
1592 711
1592 711
1591 713
1591 713
1591 713
1591 713
1591 714
1591 714
1590 715
1590 715
1590 715
1589 718
1589 718
1589 718
1587 721
1587 721
1587 721
1587 721
1586 722
1586 722
1586 722
1586 722
1585 725
1585 725
1585 725
1583 727
1583 727
1583 727
1583 727
1583 728
1583 728
1583 728
1583 728
1582 731
1582 731
1582 731
1582 731
1580 733
1580 733
1580 733
1580 733
1580 733
1580 733
1580 733
1580 733
1580 733
1579 734
1579 734
1579 734
1579 734
1579 734
1579 734
1579 734
1579 734
1579 734
1579 734
1579 734
1579 734
1579 734
1579 734
1579 734
1579 734
1579 734
1579 734
1579 734
1579 734
1579 734
1579 734
1579 734
1579 734
1579 734
1579 734
1579 734
1579 734
1579 734
1579 734
1579 734
1579 734
1579 734
1579 734
1578 736
1578 736
1578 736
1577 737
1577 737
1577 737
1577 737
1574 740
1574 740
1574 740
1574 741
1574 741
1574 741
1574 741
1572 744
1572 744
1572 744
1572 744
1570 745
1570 745
1570 745
1570 745
1568 747
1568 747
1568 747
1567 748
1567 748
1567 748
1567 748
1563 752
1563 752
1563 752
1563 752
1561 753
1561 753
1561 753
1561 753
1558 756
1558 756
1558 756
1556 758
1556 758
1556 758
1556 758
1552 761
1552 761
1552 761
1552 761
1550 763
1550 763
1550 763
1550 763
1546 766
1546 766
1546 766
1546 766
1543 769
1543 769
1543 769
1543 769
1539 772
1539 772
1539 772
1539 772
1536 774
1536 774
1536 774
1536 774
1531 778
1531 778
1531 778
1531 778
1526 782
1526 782
1526 782
1526 782
1521 784
1521 784
1521 784
1521 784
1514 787
1514 787
1514 787
1514 787
1508 790
1508 790
1508 790
1508 790
1501 791
1501 791
1501 791
1501 791
1493 795
1485 796
1485 796
1485 796
1485 796
1485 796
1473 799
1473 799
1473 799
1473 799
1462 801
1462 801
1462 801
1462 801
1453 803
1453 803
1453 803
1453 803
1440 804
1440 804
1440 804
1427 807
1427 807
1427 807
1427 807
1416 809
1416 809
1416 809
1401 810
1401 810
1401 810
1401 810
1401 810
1386 812
1386 812
1386 812
1386 812
1370 815
1370 815
1370 815
1370 815
1353 817
1353 817
1353 817
1353 817
1332 820
1332 820
1332 820
1332 820
1309 824
1309 824
1309 824
1309 824
1283 824
1283 824
1283 824
1283 824
1255 824
1255 824
1255 824
1255 824
1223 824
1223 824
1223 824
1223 824
1190 824
1190 824
1190 824
1152 824
1152 824
1152 824
1112 824
1112 824
1112 824
1112 824
1076 820
1076 820
1076 820
1041 813
1041 813
1041 813
1041 813
1001 807
1001 807
1001 807
965 796
965 796
965 796
965 796
965 796
927 786
927 786
927 786
927 786
898 778
898 778
867 767
867 767
867 767
867 767
837 757
837 757
808 746
808 746
808 746
787 734
787 734
787 734
787 734
762 717
762 717
762 717
762 717
743 700
743 700
743 700
743 700
724 677
724 677
724 677
724 677
705 650
705 650
705 650
705 650
686 620
686 620
686 620
686 620
672 591
672 591
672 591
672 591
655 557
655 557
655 557
655 557
640 522
640 522
640 522
632 486
621 448
619 411
617 377
617 377
617 377
617 341
617 341
617 310
617 310
627 281
627 281
644 253
644 253
644 253
669 222
669 222
701 197
701 197
701 197
732 174
778 157
778 157
778 157
825 142
825 142
825 142
869 132
869 132
869 132
919 127
919 127
969 121
969 121
969 121
1011 119
1011 119
1011 119
1057 119
1099 121
1137 125
1173 138
1202 146
1202 146
1229 159
1229 159
1255 176
1273 188
1273 188
1273 188
1290 205
1301 224
1301 224
1301 224
1307 245
1311 266
1311 266
1311 266
1320 312
1320 312
1320 343
1320 371
1320 371
1320 371
1320 402
1320 402
1320 429
1320 429
1320 429
1320 429
1320 459
1320 459
1320 459
1320 459
1320 486
1320 486
1320 486
1315 513
1315 513
1315 513
1299 562
1290 585
1290 585
1280 608
1280 608
1280 608
1267 633
1252 652
1252 652
1252 652
1236 671
1219 683
1219 683
1196 698
1177 706
1177 706
1156 715
1135 721
1135 721
1135 721
1112 723
1087 725
1087 725
1087 725
1060 725
1060 725
1030 725
1030 725
1030 725
993 725
993 725
953 723
953 723
953 723
907 715
907 715
865 702
865 702
821 687
774 671
774 671
732 650
732 650
691 629
691 629
644 608
605 583
605 583
567 557
567 557
531 530
531 530
500 505
472 478
451 448
451 448
435 419
424 388
424 388
422 358
422 329
422 329
422 299
426 270
426 270
439 245
456 220
456 220
456 220
472 199
500 178
500 178
500 178
525 159
560 146
560 146
560 146
638 121
638 121
638 121
688 117
688 117
739 117
739 117
833 117
833 117
833 117
875 125
909 140
940 155
940 155
965 172
990 190
990 190
1011 211
1011 211
1011 211
1024 237
1024 237
1024 237
1032 264
1032 264
1034 291
1034 291
1034 291
1034 322
1032 352
1032 352
1032 352
1032 352
1022 383
1022 383
1009 415
1009 415
1009 415
1009 415
997 444
984 476
984 476
984 476
965 505
965 505
951 532
951 532
951 532
932 555
932 555
915 576
902 591
902 591
890 604
890 604
875 610
865 618
865 618
852 620
841 620
841 620
841 620
828 623
828 623
814 623
814 623
796 620
796 620
770 611
742 602
742 602
705 590
663 571
663 571
663 571
621 552
573 531
573 531
529 510
483 487
483 487
483 487
439 460
397 432
397 432
397 432
364 401
330 370
330 370
330 370
303 336
282 304
282 304
263 271
250 242
250 242
242 214
242 214
242 187
242 187
242 187
242 162
242 162
242 162
246 135
246 135
246 135
254 112
254 112
271 88
271 88
290 68
290 68
290 68
290 68
311 51
311 51
311 51
338 34
338 34
338 34
372 17
372 17
405 7
405 7
405 7
405 7
443 3
443 3
485 0
485 0
485 0
529 0
529 0
573 0
573 0
573 0
619 10
619 10
663 23
663 23
663 23
663 23
699 37
699 37
699 37
737 54
737 54
737 54
737 54
798 92
798 92
798 92
819 115
831 136
831 136
831 136
840 157
840 157
842 180
842 180
842 180
842 205
842 232
842 232
840 264
840 264
840 264
833 291
833 291
833 291
821 318
804 346
804 346
804 346
789 371
789 371
789 371
770 396
770 396
747 421
747 421
747 421
724 442
724 442
724 442
701 457
701 457
701 457
674 467
674 467
649 476
649 476
649 476
626 482
626 482
596 482
596 482
565 482
565 482
565 482
531 482
531 482
531 482
491 476
447 461
447 461
447 461
447 461
410 450
410 450
368 434
368 434
368 434
368 434
326 413
290 392
290 392
290 392
250 366
221 343
221 343
194 320
194 320
175 297
175 297
164 270
158 241
158 241
158 241
158 211
158 182
158 182
169 153
169 153
183 123
183 123
208 94
208 94
208 94
236 69
236 69
236 69
269 48
269 48
269 48
305 29
305 29
343 12
343 12
343 12
343 12
385 0
385 0
385 0
424 0
424 0
424 0
466 0
515 0
515 0
515 0
559 0
611 0
611 0
611 0
668 0
720 0
720 0
720 0
831 0
831 0
831 0
831 0
886 0
886 0
886 0
886 0
944 0
944 0
944 0
999 0
1053 0
1053 0
1053 0
1108 0
1169 0
1169 0
1169 0
1230 0
1286 6
1286 6
1343 14
1343 14
1402 18
1460 20
1460 20
1517 29
1517 29
1574 37
1574 37
1630 46
1630 46
1630 46
1685 48
1685 48
1735 56
1735 56
1794 60
1794 60
1846 69
1903 77
1903 77
1903 77
2010 94
2010 94
2010 94
2102 102
2102 102
2102 102
2186 113
2186 113
2186 113
2266 125
2266 125
2266 125
2303 132
2303 132
2303 132
2339 136
2339 136
2375 144
2410 153
2410 153
2473 171
2501 178
2501 178
2528 186
2553 197
2578 207
2601 220
2624 234
2647 249
2647 249
2672 262
2693 276
2693 276
2712 291
2731 304
2731 304
2752 318
2771 335
2771 335
2807 366
2807 366
2807 366
2849 402
2849 402
2865 417
2884 436
2884 436
2905 450
2920 465
2920 465
2935 482
2949 501
2949 501
2960 515
2968 532
2968 532
2974 549
2979 564
2979 564
2979 579
2979 579
2979 591
2979 591
2974 606
2974 606
2967 623
2967 623
2958 638
2958 638
2947 651
2947 651
2947 651
2933 670
2933 670
2933 670
2919 686
2900 700
2900 700
2900 700
2877 713
2856 721
2829 732
2829 732
2829 732
2804 740
2804 740
2804 740
2804 740
2775 746
2775 746
2743 750
2743 750
2743 750
2712 753
2712 753
2712 753
2712 753
2680 753
2680 753
2680 753
2680 753
2680 753
2653 753
2653 753
2653 753
2653 753
2628 753
2628 753
2628 753
2605 748
2605 748
2605 748
2605 748
2578 744
2578 744
2578 744
2578 744
2553 734
2553 734
2553 734
2553 734
2525 715
2525 715
2525 715
2525 715
2496 696
2496 696
2467 673
2467 673
2467 673
2467 673
2437 643
2437 643
2437 643
2437 643
2414 612
2414 612
2414 612
2414 612
2389 578
2389 578
2389 578
2389 578
2366 541
2366 541
2366 541
2366 541
2351 507
2351 507
2351 507
2351 507
2351 507
2337 472
2337 472
2337 472
2337 472
2332 436
2332 436
2332 436
2332 436
2330 396
2330 396
2330 396
2330 396
2330 358
2330 358
2330 358
2330 358
2330 358
2337 321
2337 321
2337 321
2360 281
2360 281
2360 281
2387 247
2387 247
2425 220
2425 220
2425 220
2425 220
2473 195
2473 195
2525 174
2525 174
2525 174
2525 174
2580 161
2580 161
2636 151
2636 151
2636 151
2636 151
2693 146
2693 146
2750 146
2750 146
2750 146
2750 146
2750 146
2810 146
2810 146
2810 146
2810 146
2871 146
2871 146
2871 146
2871 146
2871 146
2934 155
2934 155
2934 155
2934 155
2991 170
2991 170
2991 170
2991 170
2991 170
3050 186
3050 186
3050 186
3050 186
3106 207
3106 207
3106 207
3106 207
3106 207
3159 230
3159 230
3159 230
3159 230
3207 251
3207 251
3207 251
3251 270
3251 270
3251 270
3282 291
3282 291
3282 291
3312 312
3312 312
3312 312
3312 312
3333 335
3333 335
3333 335
3345 356
3345 356
3345 356
3345 356
3354 386
3354 386
3354 386
3356 411
3356 411
3356 411
3356 411
3356 440
3354 469
3354 469
3354 469
3354 469
3341 501
3341 501
3324 528
3324 528
3324 528
3324 528
3303 558
3276 587
3276 587
3276 587
3276 587
3249 610
3249 610
3215 631
3215 631
3215 631
3215 631
3180 648
3180 648
3180 648
3142 662
3142 662
3142 662
3142 662
3108 673
3108 673
3108 673
3108 673
3108 673
3068 681
3068 681
3068 681
3068 681
3027 681
3027 681
3027 681
3027 681
3027 681
2985 681
2985 681
2985 681
2985 681
2985 681
2938 677
2938 677
2938 677
2892 667
2892 667
2892 667
2892 667
2892 667
2848 654
2848 654
2848 654
2848 654
2848 654
2804 635
2756 614
2756 614
2756 614
2756 614
2714 597
2714 597
2714 597
2714 597
2672 570
2672 570
2672 570
2672 570
2672 570
2632 549
2632 549
2632 549
2632 549
2599 526
2599 526
2599 526
2599 526
2567 503
2567 503
2567 503
2542 476
2542 476
2542 476
2525 446
2525 446
2525 446
2525 446
2513 413
2513 413
2513 413
2513 413
2509 379
2509 379
2509 346
2509 346
2509 346
2509 346
2519 306
2519 306
2519 306
2538 274
2538 274
2538 274
2538 274
2563 239
2563 239
2601 203
2601 203
2601 203
2601 203
2601 203
2645 172
2645 172
2697 142
2697 142
2697 142
2697 142
2748 119
2748 119
2748 119
2802 98
2802 98
2802 98
2802 98
2802 98
2861 84
2861 84
2917 75
2917 75
2917 75
2980 73
2980 73
3033 73
3033 73
3033 73
3085 73
3085 73
3129 84
3129 84
3169 96
3169 96
3169 96
3203 119
3203 119
3232 144
3232 144
3232 144
3253 174
3253 174
3270 207
3270 207
3278 241
3278 241
3284 279
3284 279
3284 279
3284 314
3284 356
3284 356
3284 356
3284 396
3272 432
3272 432
3272 432
3261 472
3261 472
3245 503
3245 503
3245 503
3226 537
3226 537
3203 566
3203 566
3182 591
3182 591
3154 614
3154 614
3154 614
3129 631
3129 631
3098 652
3098 652
3068 664
3068 664
3037 675
3037 675
3001 683
3001 683
2961 688
2961 688
2920 688
2920 688
2920 688
2869 688
2869 688
2819 683
2819 683
2819 683
2773 671
2773 671
2722 656
2722 656
2722 656
2672 641
2624 629
2624 629
2624 629
2624 629
2574 610
2529 589
2529 589
2529 589
2529 589
2488 566
2448 541
2448 541
2448 541
2414 509
2389 478
2389 478
2389 478
2372 442
2372 442
2364 404
2364 404
2364 404
2364 404
2364 369
2364 369
2364 331
2364 331
2364 331
2364 331
2381 289
2381 289
2402 247
2402 247
2427 209
2427 209
2427 209
2456 174
2456 174
2456 174
2488 140
2488 140
2521 115
2521 115
2561 94
2561 94
2609 75
2609 75
2657 63
2657 63
2657 63
2714 54
2714 54
2771 52
2771 52
2771 52
2825 52
2825 52
2882 54
2882 54
2882 54
2934 69
2987 84
2987 84
2987 84
2987 84
3031 105
3066 130
3066 130
3066 130
3066 130
3102 157
3131 186
3131 186
3131 186
3157 218
3175 251
3175 251
3175 251
3188 283
3188 283
3198 318
3198 318
3198 318
3201 352
3203 386
3203 386
3203 386
3203 419
3203 419
3201 451
3201 451
3201 451
3186 482
3186 482
3171 505
3171 505
3171 505
3152 532
3152 532
3129 555
3129 555
3100 576
3100 576
3100 576
3071 593
3071 593
3039 608
3039 608
3039 608
3006 618
3006 618
2972 629
2972 629
2972 629
2936 631
2901 637
2901 637
2901 637
2867 637
2831 637
2831 637
2831 637
2796 633
2758 623
2758 623
2758 623
2758 623
2722 608
2680 587
2680 587
2680 587
2643 566
2643 566
2607 545
2607 545
2607 545
2571 518
2571 518
2540 495
2540 495
2515 472
2496 444
2496 444
2479 415
2473 381
2473 381
2473 381
2471 350
2471 350
2471 316
2471 316
2471 316
2471 316
2479 279
2479 279
2479 279
2479 279
2498 247
2498 247
2498 247
2498 247
2521 216
2521 216
2550 188
2550 188
2550 188
2550 188
2584 161
2584 161
2584 161
2624 140
2624 140
2624 140
2668 119
2668 119
2714 100
2714 100
2760 84
2760 84
2760 84
2760 84
2855 58
2855 58
2855 58
2855 58
2909 48
2966 44
2966 44
2966 44
2966 44
3014 37
3064 37
3064 37
3064 37
3115 37
3115 37
3161 50
3161 50
3161 50
3203 65
3203 65
3238 86
3238 86
3238 86
3270 107
3291 128
3291 128
3305 151
3305 151
3316 176
3316 176
3322 205
3322 205
3324 237
3324 237
3324 237
3324 268
3324 302
3318 335
3318 335
3308 371
3308 371
3291 409
3291 409
3270 442
3270 442
3245 474
3245 474
3245 474
3215 503
3182 532
3182 532
3182 532
3152 558
3121 581
3121 581
3121 581
3087 602
3054 620
3054 620
3054 620
3054 620
3018 637
3018 637
2987 650
2987 650
2955 658
2922 669
2922 669
2890 671
2890 671
2859 671
2859 671
2827 671
2827 671
2798 656
2798 656
2798 656
2771 643
2771 643
2741 629
2741 629
2716 610
2716 610
2697 593
2697 593
2697 593
2680 574
2680 574
2670 551
2670 551
2666 528
2666 528
2657 501
2657 501
2657 501
2655 469
2655 469
2655 469
2655 434
2655 434
2655 434
2655 398
2655 398
2655 398
2655 398
2657 362
2657 362
2657 362
2657 362
2672 327
2672 327
2672 327
2689 293
2689 293
2689 293
2708 260
2708 260
2708 260
2731 226
2731 226
2756 197
2756 197
2756 197
2756 197
2756 197
2783 178
2783 178
2817 159
2817 159
2817 159
2817 159
2850 142
2850 142
2886 134
2886 134
2886 134
2886 134
2922 128
2957 121
2957 121
2957 121
2957 121
2991 121
2991 121
2991 121
2991 121
3027 121
3027 121
3027 121
3027 121
3060 121
3060 121
3092 132
3092 132
3092 132
3119 138
3119 138
3119 138
3119 138
3144 157
3144 157
3144 157
3144 157
3169 176
3169 176
3169 176
3169 176
3190 195
3190 195
3190 195
3211 218
3211 218
3211 218
3211 218
3230 241
3230 241
3230 241
3230 241
3249 270
3249 270
3249 270
3249 270
3263 297
3263 297
3263 297
3274 325
3274 325
3274 325
3274 325
3284 354
3284 354
3284 354
3295 383
3295 383
3295 383
3301 409
3301 409
3305 438
3305 438
3305 438
3305 438
3305 438
3312 463
3312 463
3312 488
3312 488
3312 488
3312 511
3312 511
3312 532
3312 532
3312 532
3310 553
3310 553
3301 576
3301 576
3301 576
3301 576
3297 595
3297 595
3289 614
3289 614
3289 614
3289 614
3278 631
3278 631
3278 631
3270 646
3270 646
3270 646
3257 662
3257 662
3257 662
3257 662
3245 676
3245 676
3245 676
3245 676
3245 676
3234 686
3234 686
3234 686
3234 686
3219 697
3219 697
3219 697
3219 697
3207 705
3207 705
3198 710
3198 710
3198 710
3198 710
3182 721
3182 721
3182 721
3182 721
3173 728
3173 728
3173 728
3173 728
3159 736
3159 736
3159 736
3159 736
3146 743
3146 743
3146 743
3146 743
3136 746
3136 746
3136 746
3136 746
3120 753
3120 753
3120 753
3120 753
3120 753
3108 758
3108 758
3108 758
3108 758
3096 762
3096 762
3096 762
3096 762
3082 765
3082 765
3082 765
3082 765
3082 765
3066 770
3066 770
3066 770
3066 770
3053 772
3053 772
3053 772
3053 772
3037 776
3037 776
3037 776
3037 776
3025 776
3025 776
3025 776
3025 776
3012 777
3012 777
3012 777
3012 777
2998 777
2998 777
2998 777
2998 777
2979 777
2979 777
2979 777
2979 777
2956 777
2956 777
2956 777
2956 777
2929 777
2929 777
2929 777
2929 777
2903 777
2903 777
2903 777
2903 777
2880 777
2880 777
2880 777
2880 777
2880 777
2854 779
2854 779
2854 779
2854 779
2832 785
2832 785
2832 785
2832 785
2809 787
2809 787
2809 787
2809 787
2780 789
2780 789
2780 789
2780 789
2755 796
2755 796
2755 796
2755 796
2755 796
2728 798
2728 798
2728 798
2728 798
2703 802
2703 802
2703 802
2703 802
2675 806
2675 806
2675 806
2675 806
2644 810
2644 810
2644 810
2644 810
2608 817
2608 817
2608 817
2608 817
2568 819
2568 819
2568 819
2568 819
2568 819
2518 819
2518 819
2518 819
2518 819
2463 819
2463 819
2463 819
2463 819
2409 819
2409 819
2409 819
2409 819
2359 819
2359 819
2359 819
2359 819
2310 819
2310 819
2310 819
2310 819
2275 827
2275 827
2275 827
2275 827
2237 831
2237 831
2237 831
2237 831
2201 831
2201 831
2201 831
2170 831
2170 831
2170 831
2170 831
2141 833
2141 833
2141 833
2117 833
2117 833
2117 833
2117 833
2117 833
2096 833
2073 833
2073 833
2073 833
2048 833
2023 833
2023 833
2023 833
1992 831
1992 831
1952 823
1952 823
1901 806
1855 796
1855 796
1797 783
1734 770
1734 770
1734 770
1734 770
1734 770
1597 731
1522 712
1522 712
1522 712
1438 697
1360 687
1360 687
1360 687
1277 674
1195 664
1195 664
1195 664
1113 649
1031 636
1031 636
1031 636
964 628
903 617
903 617
903 617
800 603
767 592
767 592
735 582
735 582
714 571
714 571
698 561
698 561
698 561
685 548
679 540
679 540
673 529
668 517
668 517
668 503
668 503
665 490
665 490
665 474
665 474
665 453
665 453
665 453
665 453
665 432
665 432
671 402
671 402
681 370
681 370
681 370
693 332
693 332
710 295
710 295
710 295
710 295
731 253
731 253
752 217
752 217
752 217
777 181
777 181
809 156
809 156
809 156
809 156
847 135
895 125
895 125
895 125
943 116
943 116
943 116
993 116
993 116
993 116
993 116
1046 116
1094 129
1094 129
1094 129
1132 144
1132 144
1167 163
1167 163
1195 184
1216 209
1226 236
1226 236
1232 265
1232 265
1232 290
1232 290
1232 320
1232 320
1224 347
1209 374
1209 374
1209 374
1193 406
1193 406
1193 406
1193 406
1165 437
1165 437
1165 437
1138 460
1138 460
1138 460
1138 460
1107 488
1107 488
1079 511
1079 511
1044 530
1044 530
1010 544
1010 544
1010 544
974 559
974 559
943 565
943 565
943 565
859 569
859 569
859 569
817 569
817 569
767 569
767 569
767 569
721 559
675 546
675 546
675 546
633 534
633 534
633 534
597 517
597 517
597 517
568 500
542 479
542 479
524 462
513 437
507 412
505 387
505 387
505 356
505 356
511 322
528 284
528 284
528 284
549 249
549 249
580 215
580 215
580 215
618 188
668 165
668 165
668 165
721 148
721 148
721 148
779 139
779 139
838 139
895 139
895 139
895 139
895 139
995 167
995 167
1037 188
1037 188
1077 215
1077 215
1107 246
1107 246
1128 278
1128 278
1128 278
1138 311
1138 311
1138 311
1138 311
1142 347
1142 347
1142 347
1142 385
1142 385
1136 418
1136 418
1136 418
1121 450
1121 450
1121 450
1100 483
1100 483
1100 483
1100 483
1079 513
1079 513
1054 538
1054 538
1054 538
1035 551
1035 551
1008 565
1008 565
977 578
977 578
977 578
945 586
945 586
945 586
912 595
912 595
912 595
870 601
828 601
828 601
828 601
779 601
779 601
779 601
733 597
733 597
733 597
685 584
641 569
641 569
641 569
597 548
597 548
597 548
555 525
555 525
555 525
519 502
488 479
488 479
488 479
465 452
465 452
459 429
459 429
459 429
459 429
454 406
459 379
459 379
475 343
475 343
475 343
498 307
498 307
498 307
534 272
584 234
584 234
645 202
719 171
719 171
803 146
803 146
880 133
880 133
962 125
962 125
1037 125
1107 133
1107 133
1167 150
1220 167
1220 167
1287 215
1287 215
1287 215
1306 244
1310 276
1310 276
1310 276
1310 307
1310 307
1310 343
1310 343
1310 343
1310 343
1300 385
1300 385
1281 427
1281 427
1281 427
1281 427
1260 475
1260 475
1260 475
1260 475
1241 519
1241 519
1241 519
1220 555
1220 555
1197 590
1197 590
1197 590
1176 622
1159 645
1159 645
1159 645
1138 666
1138 666
1138 666
1119 678
1119 678
1119 678
1100 693
1100 693
1079 702
1079 702
1052 708
1052 708
1052 708
1021 710
1021 710
1021 710
983 710
983 710
983 710
935 710
880 710
880 710
826 702
765 691
765 691
704 672
704 672
643 651
643 651
643 651
587 620
532 586
532 586
532 586
486 548
486 548
450 509
450 509
450 509
450 509
421 462
406 421
406 421
406 421
400 385
400 385
402 343
402 343
417 301
444 255
444 255
444 255
480 209
480 209
528 167
587 123
656 91
740 66
740 66
821 49
821 49
916 39
916 39
1006 33
1006 33
1086 33
1086 33
1163 33
1163 33
1237 41
1237 41
1237 41
1306 49
1306 49
1367 60
1367 60
1367 60
1367 60
1425 68
1482 77
1482 77
1482 77
1537 81
1591 83
1591 83
1591 83
1643 83
1643 83
1696 83
1696 83
1748 83
1803 83
1803 83
1803 83
1803 83
1862 83
1862 83
1924 83
1924 83
1924 83
1924 83
2061 83
2061 83
2061 83
2136 83
2218 83
2218 83
2218 83
2300 83
2384 87
2384 87
2470 87
2470 87
2554 87
2640 87
2734 87
2820 91
2904 104
3002 114
3002 114
3086 131
3162 146
3162 146
3237 165
3298 186
3298 186
3386 230
3386 230
3386 230
3445 282
3445 282
3476 347
3476 347
3491 412
3491 412
3491 448
3491 479
3491 509
3491 509
3487 542
3487 542
3474 572
3462 597
3462 597
3443 624
3420 649
3397 670
3397 670
3367 691
3338 708
3338 708
3306 722
3275 733
3239 743
3206 752
3206 752
3206 752
3126 760
3126 760
3126 760
3084 760
3038 756
3038 756
2988 741
2933 716
2933 716
2881 695
2881 695
2828 670
2828 670
2782 641
2782 641
2755 618
2755 618
2734 592
2715 561
2703 527
2703 527
2692 490
2686 448
2686 448
2684 400
2684 400
2684 400
2684 400
2684 353
2684 353
2684 353
2684 305
2684 305
2684 305
2684 305
2688 261
2688 261
2698 219
2698 219
2698 219
2713 184
2713 184
2713 184
2730 150
2730 150
2730 150
2751 114
2751 114
2776 85
2803 60
2803 60
2803 60
2803 60
2835 41
2870 28
2870 28
2910 20
2910 20
2946 20
2946 20
2946 20
2988 20
2988 20
3034 28
3034 28
3034 28
3065 41
3103 62
3103 62
3135 85
3164 110
3164 110
3164 110
3185 142
3204 175
3204 175
3204 175
3214 205
3221 240
3221 240
3225 276
3225 276
3225 276
3227 307
3227 307
3227 343
3227 343
3227 343
3218 372
3218 372
3200 408
3200 408
3200 408
3176 439
3176 439
3147 473
3147 473
3147 473
3111 506
3078 532
3078 532
3078 532
3078 532
3036 561
2986 586
2986 586
2986 586
2986 586
2937 607
2883 624
2883 624
2883 624
2883 624
2824 632
2765 637
2765 637
2765 637
2765 637
2694 637
2694 637
2623 637
2623 637
2623 637
2556 628
2484 616
2484 616
2484 616
2484 616
2421 597
2373 578
2373 578
2373 578
2336 557
2336 557
2304 538
2304 538
2304 538
2283 513
2283 513
2273 481
2273 481
2264 441
2264 441
2264 400
2264 400
2271 353
2271 353
2294 307
2325 263
2325 263
2325 263
2361 228
2409 192
2409 192
2409 192
2461 165
2461 165
2520 139
2520 139
2642 108
2642 108
2642 108
2642 108
2700 104
2757 104
2757 104
2757 104
2809 108
2858 123
2858 123
2858 123
2902 146
2939 173
2939 173
2973 202
2973 202
2998 234
2998 234
3019 270
3019 270
3036 309
3044 351
3044 351
3049 393
3049 393
3049 393
3051 433
3051 467
3051 467
3051 467
3042 502
3042 502
3028 536
3028 536
3007 563
3007 563
2979 595
2979 595
2950 618
2950 618
2950 618
2919 637
2883 653
2883 653
2883 653
2845 666
2807 676
2807 676
2807 676
2763 681
2723 685
2723 685
2723 685
2675 685
2635 685
2635 685
2635 685
2635 685
2589 685
2539 672
2539 672
2539 672
2493 657
2493 657
2442 632
2442 632
2384 607
2384 607
2384 607
2336 578
2336 578
2336 578
2283 548
2235 517
2235 517
2235 517
2189 486
2147 454
2147 454
2115 427
2115 427
2099 397
2099 397
2099 397
2084 366
2084 366
2080 332
2080 332
2080 332
2080 332
2080 297
2080 297
2080 297
2092 263
2092 263
2092 263
2092 263
2117 230
2117 230
2117 230
2117 230
2117 230
2157 194
2157 194
2157 194
2157 194
2208 167
2208 167
2208 167
2208 167
2262 146
2262 146
2262 146
2262 146
2262 146
2327 129
2327 129
2327 129
2327 129
2396 119
2396 119
2396 119
2396 119
2468 112
2468 112
2468 112
2468 112
2537 112
2608 112
2608 112
2608 112
2679 112
2679 112
2679 112
2744 123
2744 123
2744 123
2744 123
2805 131
2805 131
2860 150
2860 150
2860 150
2908 167
2908 167
2946 186
2946 186
2946 186
2979 202
3007 223
3007 223
3007 223
3028 242
3028 242
3040 263
3040 263
3055 288
3055 288
3057 311
3057 311
3059 337
3059 337
3059 362
3059 362
3059 391
3059 391
3059 391
3059 418
3059 418
3053 448
3053 448
3042 479
3042 479
3030 509
3030 509
3030 509
3030 509
3009 538
2988 567
2988 567
2988 567
2988 567
2963 592
2933 620
2933 620
2933 620
2933 620
2904 645
2870 668
2870 668
2870 668
2870 668
2837 689
2801 702
2801 702
2801 702
2759 716
2759 716
2717 727
2717 727
2717 727
2671 731
2621 731
2621 731
2621 731
2572 731
2572 731
2526 725
2526 725
2526 725
2482 712
2482 712
2447 702
2447 702
2447 702
2411 687
2411 687
2411 687
2384 670
2384 670
2384 670
2384 670
2356 651
2356 651
2356 651
2356 651
2356 651
2336 630
2336 630
2336 630
2336 630
2336 630
2321 607
2321 607
2321 607
2321 607
2317 588
2317 588
2317 588
2317 588
2315 567
2315 567
2315 567
2315 567
2315 544
2315 544
2315 544
2315 544
2315 544
2323 518
2323 518
2323 518
2323 518
2323 518
2337 490
2337 490
2337 490
2363 455
2363 455
2363 455
2363 455
2394 421
2394 421
2428 386
2428 386
2428 386
2428 386
2465 352
2465 352
2507 323
2507 323
2507 323
2553 295
2553 295
2553 295
2604 274
2604 274
2604 274
2604 274
2650 260
2694 249
2694 249
2694 249
2694 249
2738 241
2738 241
2776 235
2776 235
2776 235
2776 235
2811 235
2811 235
2843 235
2843 235
2843 235
2843 235
2870 235
2870 235
2891 241
2891 241
2891 241
2891 241
2912 251
2912 251
2912 251
2935 270
2935 270
2935 270
2935 270
2952 289
2952 289
2952 289
2971 316
2971 316
2971 316
2983 344
2983 344
2994 371
2994 371
2994 371
2994 371
3002 402
3002 402
3004 434
3004 434
3004 434
3006 463
3006 463
3006 463
3006 493
3006 493
3006 493
3006 524
3006 524
3006 524
3006 524
2998 555
2998 555
2985 585
2985 585
2985 585
2985 585
2969 614
2969 614
2969 614
2969 614
2952 639
2952 639
2952 639
2952 639
2929 665
2929 665
2929 665
2906 681
2906 681
2906 681
2881 700
2881 700
2881 700
2881 700
2851 709
2851 709
2851 709
2851 709
2820 713
2820 713
2820 713
2820 713
2820 713
2784 717
2784 717
2784 717
2784 717
2753 717
2753 717
2753 717
2753 717
2717 717
2717 717
2717 717
2717 717
2679 706
2679 706
2679 706
2679 706
2679 706
2642 694
2642 694
2642 694
2642 694
2606 679
2606 679
2606 679
2606 679
2574 658
2574 658
2574 658
2574 658
2549 639
2549 639
2522 618
2522 618
2522 618
2522 618
2499 593
2499 593
2499 593
2499 593
2482 562
2482 562
2482 562
2482 562
2465 532
2465 532
2465 532
2465 532
2457 499
2457 499
2457 499
2457 499
2455 465
2455 465
2455 465
2455 465
2455 434
2455 434
2455 434
2455 434
2459 402
2459 402
2459 402
2459 402
2470 371
2470 371
2484 337
2484 337
2484 337
2484 337
2484 337
2505 308
2505 308
2532 279
2532 279
2532 279
2532 279
2558 256
2558 256
2587 241
2587 241
2587 241
2587 241
2587 241
2621 233
2621 233
2621 233
2652 228
2652 228
2652 228
2694 224
2694 224
2694 224
2734 224
2734 224
2734 224
2734 224
2772 235
2772 235
2772 235
2803 245
2803 245
2803 245
2832 260
2832 260
2853 277
2853 277
2853 277
2853 277
2870 293
2870 293
2883 312
2883 312
2883 312
2883 312
2895 339
2895 339
2895 339
2902 363
2902 363
2902 363
2902 363
2910 390
2910 390
2910 390
2910 417
2910 417
2910 417
2910 444
2910 444
2910 444
2910 444
2908 470
2908 470
2908 470
2908 470
2897 499
2897 499
2897 499
2897 499
2887 522
2887 522
2887 522
2872 545
2872 545
2872 545
2872 545
2853 568
2853 568
2837 587
2837 587
2837 587
2837 587
2816 604
2816 604
2790 618
2790 618
2790 618
2790 618
2767 627
2767 627
2767 627
2738 637
2738 637
2738 637
2738 637
2738 637
2702 644
2702 644
2702 644
2702 644
2662 648
2662 648
2662 648
2662 648
2662 648
2612 650
2612 650
2612 650
2612 650
2558 650
2558 650
2558 650
2558 650
2493 650
2493 650
2493 650
2493 650
2493 650
2423 650
2423 650
2423 650
2423 650
2423 650
2350 650
2350 650
2350 650
2350 650
2266 650
2266 650
2266 650
2266 650
2184 654
2184 654
2184 654
2105 658
2105 658
2105 658
2105 658
2021 671
2021 671
2021 671
2021 671
1943 681
1943 681
1943 681
1943 681
1870 696
1870 696
1870 696
1801 702
1801 702
1801 702
1801 702
1729 713
1729 713
1729 713
1729 713
1729 713
1729 713
1729 713
1729 713
1729 713
1729 713
1729 713
1591 734
1520 742
1520 742
1520 742
1457 753
1457 753
1457 753
1457 753
1387 763
1387 763
1387 763
1387 763
1322 769
1322 769
1322 769
1322 769
1260 774
1260 774
1260 774
1199 776
1199 776
1199 776
1199 776
1142 784
1142 784
1142 784
1142 784
1142 784
1090 784
1090 784
1090 784
1090 784
1039 786
1039 786
1039 786
1039 786
997 790
997 790
997 790
955 790
955 790
955 790
955 790
922 790
922 790
922 790
922 790
890 790
890 790
890 790
890 790
861 790
861 790
861 790
861 790
861 790
838 790
838 790
838 790
838 790
817 790
817 790
817 790
817 790
798 790
798 790
798 790
798 790
781 795
781 795
781 795
781 795
781 795
773 797
773 797
773 797
773 797
767 801
767 801
767 801
767 801
764 804
764 804
764 804
764 804
764 807
764 807
764 807
761 811
761 815
761 815
761 815
761 815
761 819
761 819
761 819
762 831
762 831
762 831
762 831
764 835
764 835
764 835
764 835
764 835
766 842
766 842
766 842
766 842
767 847
767 847
767 847
767 847
771 853
771 853
771 853
771 853
776 860
776 860
776 860
776 860
782 866
782 866
782 866
782 866
790 871
790 871
790 871
790 871
801 877
801 877
801 877
801 877
810 881
810 881
810 881
810 881
823 885
823 885
823 885
832 888
832 888
832 888
832 888
843 891
843 891
843 891
843 891
856 895
856 895
856 895
856 895
872 898
872 898
872 898
872 898
888 901
888 901
888 901
904 905
904 905
904 905
927 906
927 906
927 906
927 906
952 910
952 910
952 910
952 910
973 914
973 914
973 914
998 916
998 916
998 916
998 916
1020 920
1020 920
1020 920
1042 922
1042 922
1042 922
1042 922
1066 922
1066 922
1091 922
1091 922
1091 922
1091 922
1114 922
1114 922
1114 922
1139 922
1162 922
1183 922
1183 922
1183 922
1183 922
1198 922
1198 922
1198 922
1215 922
1215 922
1215 922
1215 922
1215 922
1229 924
1229 924
1229 924
1229 924
1246 926
1246 926
1246 926
1246 926
1264 930
1264 930
1264 930
1264 930
1281 932
1281 932
1281 932
1281 932
1298 932
1298 932
1298 932
1298 932
1320 932
1320 932
1320 932
1320 932
1337 932
1337 932
1337 932
1359 932
1359 932
1359 932
1359 932
1376 932
1376 932
1376 932
1376 932
1395 928
1395 928
1395 928
1412 925
1412 925
1412 925
1412 925
1425 917
1425 917
1437 912
1437 912
1437 912
1444 908
1444 908
1444 908
1444 908
1446 908
1446 908
1446 908
1446 908
1446 908
1446 908
1446 908
1446 908
1446 908
1446 908
1446 908
1446 908
1446 908
1446 908
1446 908
1446 908
1446 908
1446 908
1446 908
1446 908
1446 908
1446 908
1446 908
1446 908
1446 908
1446 908
1446 908
1446 908
1446 908
1446 908
1446 908
1446 908
1446 908
1446 908
1446 908
1446 908
1446 908
1446 908
1446 908
1446 908
1446 908
1446 908
1446 908
1446 908
1446 908
1446 908
1446 908
1446 908
1446 908
1446 908
1446 908
1446 908
1446 908
1446 908
1446 908
1446 908
1446 908
1446 908
1446 908
1446 908
1446 908
1446 908
1446 908
1446 908
1446 908
1446 908
1446 908
1446 908
1446 908
1446 908
1446 908
1446 908
1446 908
1446 908
1446 908
1446 908
1446 908
1446 908
1446 908
1446 908
1446 908
1446 908
1446 908
1446 908
1446 908
1446 908
1446 908
1446 908
1447 910
1447 910
1447 910
1447 910
1447 910
1447 910
1446 911
1446 911
1446 911
1446 911
1446 911
1446 911
1446 911
1446 911
1446 911
1446 911
1446 911
1446 911
1445 912
1445 912
1445 912
1445 912
1445 912
1445 912
1445 912
1445 912
1445 912
1445 912
1445 912
1445 912
1445 912
1445 912
1445 912
1445 912
1445 912
1445 912
1445 912
1445 912
1445 912
1445 912
1445 912
1445 912
1445 912
1445 912
1445 912
1445 912
1445 912
1445 912
1445 912
1445 912
1445 912
1445 912
1445 912
1445 912
1445 912
1445 912
1445 912
1445 912
1445 912
1445 912
1445 912
1445 912
1445 912
1445 912
1445 912
1445 912
1445 912
1445 912
1445 912
1445 912
1445 912
1445 912
1445 912
1445 912
1445 912
1445 912
1445 912
1445 912
1445 912
1445 912
1445 912
1445 912
1445 912
1445 912
1445 912
1445 912
1445 912
1445 912
1445 912
1445 912
1445 912
1445 912
1445 912
1445 912
1445 912
1445 912
1445 912
1445 912
1445 912
1445 912
1445 912
1445 912
1445 912
1445 912
1445 912
1445 912
1445 912
1445 912
1445 912
1445 912
1445 912
1445 912
1445 912
1445 912
1445 912
1445 912
1445 912
1445 912
1445 912
1445 912
1445 912
1445 912
1445 912
1445 912
1445 912
1445 912
1445 912
1445 912
1445 912
1445 912
1445 912
1445 912
1445 912
1445 912
1445 912
1445 912
1445 912
1445 912
1445 912
1445 912
1445 912
1445 912
1445 912
1445 912
1445 912
1445 912
1445 912
1445 912
1445 912
1445 912
1445 912
1445 912
1445 912
1445 912
1445 912
1445 912
1445 912
1445 912
1445 912
1445 912
1445 912
1445 912
1445 912
1445 912
1445 912
1445 912
1445 912
1445 912
1445 912
1445 912
1445 912
1445 912
1445 912
1445 912
