1556 921
1598 700
1596 704
1596 706
1594 707
1594 709
1592 711
1591 713
1591 714
1590 715
1589 718
1587 721
1586 722
1585 725
1583 727
1583 728
1582 731
1580 733
1579 734
1578 736
1577 737
1574 740
1574 741
1572 744
1570 745
1568 747
1567 748
1563 752
1561 753
1558 756
1556 758
1552 761
1550 763
1546 766
1543 769
1543 769
1539 772
1536 774
1531 778
1526 782
1521 784
1514 787
1508 790
1501 791
1501 791
1501 791
1501 791
1493 795
1485 796
1485 796
1485 796
1485 796
1485 796
1473 799
1473 799
1473 799
1473 799
1462 801
1462 801
1462 801
1462 801
1453 803
1453 803
1453 803
1453 803
1440 804
1440 804
1440 804
1427 807
1427 807
1427 807
1427 807
1416 809
1416 809
1416 809
1401 810
1401 810
1401 810
1401 810
1401 810
1386 812
1386 812
1386 812
1386 812
1370 815
1370 815
1370 815
1370 815
1353 817
1353 817
1353 817
1353 817
1332 820
1332 820
1332 820
1332 820
1112 824
1076 820
1076 820
1076 820
1041 813
1041 813
1041 813
1041 813
1001 807
1001 807
1001 807
965 796
965 796
965 796
965 796
965 796
927 786
927 786
927 786
927 786
898 778
898 778
867 767
867 767
867 767
867 767
837 757
837 757
808 746
808 746
808 746
787 734
787 734
787 734
787 734
762 717
762 717
762 717
762 717
743 700
743 700
743 700
743 700
724 677
724 677
724 677
724 677
705 650
705 650
705 650
705 650
686 620
686 620
686 620
686 620
672 591
672 591
672 591
672 591
655 557
655 557
655 557
655 557
640 522
573 0
573 0
573 0
619 10
619 10
663 23
663 23
663 23
663 23
699 37
699 37
699 37
737 54
737 54
737 54
737 54
798 92
798 92
798 92
819 115
831 136
2881 700
2851 709
2851 709
2851 709
2851 709
2820 713
2820 713
2820 713
2820 713
2820 713
2784 717
2784 717
2784 717
2784 717
2753 717
2753 717
2753 717
2753 717
2717 717
2717 717
2717 717
2717 717
2679 706
2679 706
2679 706
2679 706
2679 706
2642 694
2642 694
2642 694
2642 694
2606 679
2606 679
2606 679
2606 679
2574 658
2574 658
2574 658
2574 658
2549 639
2549 639
2522 618
2522 618
2522 618
2522 618
2499 593
2499 593
2499 593
2499 593
2482 562
2482 562
2482 562
2482 562
2465 532
2465 532
2465 532
2465 532
2457 499
2457 499
2457 499
2457 499
2455 465
2455 465
2455 465
2455 465
2455 434
2455 434
2455 434
2455 434
2459 402
2459 402
2459 402
2459 402
2470 371
2470 371
2484 337
2484 337
2484 337
2484 337
2484 337
2505 308
2505 308
2532 279
2532 279
2532 279
2532 279
2558 256
2558 256
2587 241
2587 241
2587 241
2587 241
2587 241
2621 233
2621 233
2621 233
2652 228
2652 228
2652 228
2694 224
2694 224
2694 224
2832 260
2853 277
2870 293
2870 293
2883 312
2883 312
2895 339
2895 339
2895 339
2902 363
2910 390
2910 417
2910 417
2910 417
2910 444
2910 444
2910 444
2897 499
2887 522
2872 545
2853 568
2853 568
2837 587
2816 604
2816 604
2790 618
2767 627
2738 637
2702 644
2662 648
2266 650
2184 654
2105 658
2021 671
1943 681
1870 696
1870 696
1801 702
1729 713
1591 734
1520 742
1457 753
1457 753
1457 753
1387 763
1387 763
1387 763
1322 769
1322 769
1322 769
1260 774
1260 774
1199 776
1090 784
1039 786
997 790
781 795
781 795
781 795
781 795
781 795
773 797
773 797
773 797
773 797
767 801
767 801
767 801
767 801
764 804
764 804
764 804
764 804
764 807
764 807
764 807
761 811
761 815
761 815
761 815
761 815
761 819
761 819
761 819
762 831
762 831
762 831
762 831
764 835
764 835
764 835
764 835
764 835
766 842
766 842
766 842
766 842
767 847
767 847
767 847
767 847
771 853
771 853
771 853
771 853
776 860
776 860
776 860
776 860
782 866
782 866
782 866
782 866
790 871
790 871
790 871
790 871
801 877
801 877
801 877
801 877
810 881
810 881
810 881
810 881
823 885
823 885
823 885
832 888
832 888
832 888
832 888
843 891
843 891
843 891
843 891
856 895
856 895
856 895
856 895
872 898
872 898
872 898
904 905
927 906
927 906
952 910
952 910
973 914
1020 920
1215 922
1229 924
1229 924
1229 924
1229 924
1246 926
1264 930
1376 932
1395 928
1395 928
1395 928
1412 925
1412 925
1412 925
1412 925
1425 917
1425 917
1437 912
1437 912
1437 912
1446 908
1447 910
1447 910
1447 910
1447 910
1447 910
1447 910
1446 911
1445 912
